POPULATION COUNT: 15
GENERATION COUNT: 75
FITNESS COUNT: 10
GENERATION 0
0.88071 0.89925 0.87845 0.59089 0.74894 0.24988 0.63410 0.44351 0.92369  0.6000000000
0.57604 0.33696 0.75499 0.28004 0.43089 0.02623 0.52808 0.71072 0.19846  0.5500000000
0.71259 0.43053 0.39498 0.65865 0.09832 0.57663 0.19285 0.02707 0.88252  0.4000000000
0.30709 0.52145 0.10409 0.93291 0.61363 0.80498 0.64340 0.46894 0.89436  0.4000000000
0.70880 0.41634 0.33020 0.45616 0.69950 0.47533 0.76331 0.27405 0.30942  0.3000000000
0.87286 0.64341 0.27375 0.47538 0.23145 0.52692 0.79655 0.13566 0.01869  0.3000000000
0.77350 0.98245 0.77392 0.79908 0.70496 0.54425 0.36412 0.66100 0.24627  0.3000000000
0.61361 0.49611 0.09426 0.82641 0.92913 0.99703 0.64551 0.37026 0.14478  0.2000000000
0.43244 0.92316 0.46637 0.96027 0.01138 0.11278 0.96180 0.29215 0.31944  0.1000000000
0.55495 0.59066 0.48632 0.58645 0.37288 0.99746 0.78338 0.00138 0.22437  0.0000000000
0.82201 0.66697 0.69581 0.77757 0.80308 0.36185 0.24017 0.25151 0.58816  0.0000000000
0.43994 0.78393 0.85144 0.08664 0.37970 0.07261 0.33814 0.63754 0.39131  0.0000000000
0.20244 0.54421 0.52240 0.35952 0.83656 0.17606 0.74040 0.33715 0.54844  0.0000000000
0.49053 0.13859 0.07903 0.44903 0.09424 0.85057 0.00625 0.95998 0.81796  0.0000000000
0.35142 0.82653 0.11197 0.07236 0.24589 0.23435 0.96466 0.26405 0.34589  0.0000000000

GENERATION 1

0.60334 0.44933 0.21393 0.64419 0.46182 0.93613 0.60308 0.70296 0.88955  0.8000000000
0.81890 0.53737 0.84141 0.15990 0.31152 0.33418 0.57415 0.26220 0.88386  0.7000000000
0.76338 0.85896 0.78917 0.30107 0.61332 0.07006 0.54015 0.50891 0.54888  0.7000000000
0.57604 0.33696 0.75499 0.28004 0.43089 0.02623 0.52808 0.71072 0.19846  0.5550000000
0.58626 0.61174 0.14303 0.76069 0.60540 0.68514 0.70418 0.42831 0.75438  0.5000000000
0.88048 0.68748 0.43679 0.49283 0.74345 0.31682 0.78290 0.43905 0.20350  0.4000000000
0.88071 0.89925 0.87845 0.59089 0.74894 0.24988 0.63410 0.44351 0.92369  0.3600000000
0.61258 0.40392 0.50685 0.64486 0.19394 0.18514 0.46812 0.48756 0.83403  0.3000000000
0.71840 0.96366 0.56486 0.83344 0.47552 0.19290 0.42210 0.52489 0.26965  0.3000000000
0.51039 0.77827 0.25054 0.57174 0.54360 0.26635 0.80257 0.35201 0.61733  0.3000000000
0.66013 0.42673 0.21867 0.50501 0.75762 0.68960 0.71557 0.11173 0.22065  0.2000000000
0.64280 0.33874 0.06174 0.33076 0.46079 0.35913 0.66039 0.56240 0.25557  0.2000000000
0.52253 0.70418 0.67611 0.89541 0.20348 0.10171 0.93771 0.59266 0.31497  0.1000000000
0.23800 0.46734 0.48931 0.60581 0.66961 0.51798 0.23257 0.54233 0.88390  0.1000000000
0.70880 0.41634 0.33020 0.45616 0.69950 0.47533 0.79656 0.27405 0.30942  0.1000000000

GENERATION 2

0.60334 0.44933 0.21393 0.64419 0.46182 0.93613 0.60308 0.70296 0.88955  0.7800000000
0.74534 0.67999 0.41713 0.35103 0.60725 0.57026 0.68700 0.48227 0.43619  0.7000000000
0.81890 0.53737 0.84141 0.15990 0.31152 0.33418 0.57415 0.26220 0.88386  0.6700000000
0.64589 0.55124 0.55789 0.74131 0.55537 0.61180 0.68625 0.42307 0.85042  0.6000000000
0.57604 0.33696 0.75499 0.51075 0.43089 0.02623 0.52808 0.71072 0.19846  0.6000000000
0.62181 0.90198 0.39985 0.74490 0.54244 0.20273 0.65449 0.49694 0.48810  0.5000000000
0.77978 0.50853 0.31583 0.59840 0.53133 0.57483 0.66173 0.12571 0.82056  0.4500000000
0.75740 0.77479 0.36820 0.33605 0.50270 0.27539 0.78090 0.05474 0.83819  0.4000000000
0.60107 0.44536 0.26682 0.44856 0.45985 0.43902 0.55010 0.70464 0.44607  0.4000000000
0.58626 0.61174 0.14303 0.76069 0.60540 0.68514 0.70418 0.42831 0.75438  0.4000000000
0.60634 0.44556 0.79758 0.48061 0.24938 0.15855 0.93255 0.64265 0.68438  0.3000000000
0.73533 0.68160 0.27573 0.55396 0.60989 0.46824 0.70348 0.46432 0.70215  0.3000000000
0.58658 0.38638 0.50448 0.71583 0.69671 0.41188 0.65290 0.16076 0.20996  0.2000000000
0.73109 0.69879 0.28503 0.32413 0.52914 0.19194 0.58844 0.54663 0.83105  0.1000000000
0.72094 0.93904 0.57414 0.50641 0.57254 0.14225 0.47868 0.51029 0.41852  0.0000000000

GENERATION 3

0.94682 0.25782 0.37603 0.55082 0.43249 0.43080 0.59622 0.70298 0.74909  0.8000000000
0.74534 0.67999 0.41713 0.35103 0.60725 0.57026 0.68700 0.48227 0.43619  0.7700000000
0.76849 0.60250 0.40455 0.51894 0.26885 0.57297 0.68038 0.35811 0.75040  0.7000000000
0.60334 0.44933 0.21393 0.64419 0.46182 0.93613 0.60308 0.70296 0.88955  0.6280000000
0.73533 0.68160 0.27573 0.55396 0.60989 0.46824 0.70348 0.46432 0.70215  0.5000000000
0.77978 0.50853 0.31583 0.59840 0.53133 0.57483 0.27864 0.12571 0.82056  0.5000000000
0.65040 0.59064 0.41290 0.73070 0.57802 0.54000 0.69503 0.96915 0.74800  0.5000000000
0.74609 0.69728 0.38907 0.34597 0.52073 0.40314 0.74547 0.40741 0.58268  0.4000000000
0.68936 0.56550 0.43948 0.53663 0.45114 0.32225 0.65582 0.47729 0.39569  0.3000000000
0.74755 0.51725 0.40219 0.37627 0.69114 0.35499 0.75375 0.69099 0.92569  0.1000000000
0.61953 0.50072 0.46697 0.68232 0.64410 0.48384 0.15065 0.14955 0.71567  0.1000000000
0.60795 0.82154 0.26601 0.65502 0.50490 0.87757 0.60613 0.52157 0.87593  0.1000000000
0.62046 0.88901 0.48605 0.74128 0.15956 0.53790 0.89235 0.63979 0.61299  0.0000000000
0.75083 0.55803 0.38205 0.63995 0.53703 0.34384 0.65730 0.23354 0.56978  0.0000000000
0.58649 0.54475 0.56176 0.30787 0.40079 0.39937 0.62075 0.40290 0.86674  0.0000000000

GENERATION 4

0.74534 0.67999 0.41713 0.35103 0.60725 0.57026 0.68700 0.48227 0.43619  0.7770000000
0.77239 0.47425 0.41605 0.45917 0.70467 0.45013 0.67831 0.64152 0.44026  0.7000000000
0.94682 0.25782 0.37603 0.55082 0.43249 0.43080 0.59622 0.70298 0.74909  0.6800000000
0.75106 0.65195 0.41215 0.49965 0.43021 0.57186 0.60380 0.47584 0.57306  0.6000000000
0.69068 0.63088 0.37038 0.54416 0.58510 0.42593 0.66685 0.46833 0.45290  0.6000000000
0.81838 0.29069 0.33103 0.58349 0.97906 0.47255 0.35312 0.61588 0.76464  0.5500000000
0.80253 0.38487 0.21536 0.60671 0.43319 0.81889 0.59640 0.70298 0.86817  0.4500000000
0.77081 0.54883 0.34540 0.56397 0.49095 0.57369 0.67717 0.26829 0.80614  0.4000000000
0.69329 0.59084 0.40606 0.57727 0.35666 0.57182 0.68072 0.88880 0.01494  0.3500000000
0.81085 0.30495 0.24632 0.63680 0.43864 0.67322 0.59652 0.70298 0.78415  0.3000000000
0.73894 0.64460 0.39087 0.55172 0.39358 0.57008 0.68316 0.37067 0.72114  0.1000000000
0.74609 0.69728 0.38907 0.34597 0.52073 0.20910 0.74547 0.40741 0.32143  0.1000000000
0.60945 0.49144 0.22909 0.57236 0.53965 0.65473 0.65913 0.50933 0.85611  0.0000000000
0.71180 0.51244 0.32870 0.67296 0.24132 0.55455 0.72477 0.49102 0.81907  0.0000000000
0.65040 0.59064 0.41290 0.73070 0.57802 0.54000 0.69503 0.97949 0.74800  0.0000000000

GENERATION 5

0.74534 0.67999 0.41713 0.35103 0.60725 0.57026 0.68700 0.48227 0.43619  0.7777000000
0.77239 0.47425 0.41605 0.45917 0.70467 0.45013 0.67831 0.64152 0.44026  0.7200000000
0.69068 0.63088 0.37038 0.54416 0.58510 0.42593 0.42850 0.46833 0.45290  0.7000000000
0.69200 0.50434 0.39646 0.51996 0.69420 0.44072 0.66831 0.47310 0.44688  0.6000000000
0.81578 0.33801 0.28701 0.60336 0.79105 0.70465 0.52152 0.70080 0.85949  0.5000000000
0.74576 0.65520 0.41392 0.37189 0.53127 0.57092 0.61996 0.48213 0.50901  0.5000000000
0.81831 0.29705 0.31253 0.63175 0.94795 0.50685 0.38667 0.70272 0.26505  0.4500000000
0.74227 0.51880 0.41591 0.50223 0.61683 0.43743 0.67653 0.61622 0.66395  0.3000000000
0.74454 0.64064 0.41686 0.40100 0.47582 0.57038 0.68308 0.80578 0.22890  0.2000000000
0.90850 0.42458 0.35306 0.56282 0.49093 0.47269 0.64815 0.34928 0.79400  0.1500000000
0.74582 0.66398 0.41708 0.45058 0.47038 0.57151 0.62661 0.47727 0.46789  0.1000000000
0.92962 0.27574 0.35792 0.19845 0.96537 0.44893 0.47875 0.70011 0.75819  0.1000000000
0.70711 0.64205 0.41544 0.53235 0.49085 0.57177 0.68091 0.57163 0.17583  0.0000000000
0.70921 0.97856 0.41013 0.51226 0.41063 0.42718 0.61276 0.80015 0.46572  0.0000000000
0.77239 0.47425 0.41605 0.45917 0.70467 0.45013 0.67831 0.64152 0.44026  0.0000000000

GENERATION 6

0.69173 0.50623 0.38085 0.52475 0.45376 0.43068 0.64018 0.46870 0.45183  0.7000000000
0.73259 0.61560 0.28649 0.47642 0.68811 0.45855 0.64800 0.47827 0.50076  0.5500000000
0.71454 0.63303 0.38028 0.51187 0.57145 0.52730 0.66509 0.61918 0.32299  0.5500000000
0.74534 0.67999 0.41713 0.35103 0.60725 0.57026 0.68700 0.48227 0.43619  0.4777700000
0.81100 0.64855 0.36161 0.52286 0.50188 0.49017 0.64376 0.47680 0.58381  0.4000000000
0.77239 0.24951 0.41605 0.11541 0.70467 0.45013 0.67831 0.64152 0.98049  0.3000000000
0.77239 0.47425 0.41605 0.45917 0.70467 0.45013 0.67831 0.64152 0.44026  0.2720000000
0.71295 0.59298 0.29831 0.57456 0.62476 0.64304 0.45362 0.69961 0.73780  0.1000000000
0.74576 0.65520 0.41392 0.37189 0.53127 0.57092 0.61996 0.48213 0.50901  0.0500000000
0.81191 0.19498 0.31976 0.01431 0.87701 0.52551 0.47247 0.65845 0.29941  0.0000000000
0.74576 0.65520 0.41392 0.37189 0.53127 0.57092 0.61996 0.48213 0.50901  0.0000000000
0.71139 0.67096 0.41259 0.53520 0.58738 0.44694 0.45685 0.20712 0.44406  0.0000000000
0.69068 0.63088 0.34432 0.54416 0.58510 0.42593 0.42850 0.46833 0.45290  0.0000000000
0.75426 0.15688 0.76122 0.62167 0.74097 0.52888 0.63991 0.73935 0.23341  0.0000000000
0.74576 0.65520 0.41392 0.37189 0.53127 0.57092 0.95605 0.48213 0.50901  0.0000000000

GENERATION 7

0.73863 0.47852 0.39134 0.26568 0.68527 0.44554 0.64791 0.49571 0.88179  0.7500000000
0.69173 0.50623 0.38085 0.52475 0.45376 0.43068 0.64018 0.46870 0.45183  0.6700000000
0.73014 0.61844 0.29509 0.50003 0.65238 0.50137 0.66281 0.51609 0.36529  0.6000000000
0.72378 0.61177 0.28945 0.62867 0.63228 0.60279 0.57632 0.58882 0.58710  0.5000000000
0.95252 0.57403 0.41712 0.35604 0.65300 0.47348 0.68221 0.49728 0.44018  0.4000000000
0.73989 0.65853 0.28773 0.39485 0.65338 0.50370 0.67175 0.48181 0.44209  0.4000000000
0.73259 0.61560 0.28649 0.47642 0.68811 0.45855 0.64800 0.47827 0.50076  0.1050000000
0.77239 0.47425 0.41605 0.45917 0.70467 0.45013 0.67831 0.64152 0.44026  0.1000000000
0.81100 0.64855 0.36161 0.52286 0.50188 0.49017 0.64376 0.47680 0.58381  0.1000000000
0.74534 0.67999 0.41713 0.35103 0.60725 0.57026 0.68700 0.48227 0.43619  0.1000000000
0.74275 0.64334 0.38490 0.54834 0.59425 0.54887 0.68464 0.52269 0.40757  0.0000000000
0.69173 0.50623 0.38085 0.52475 0.45376 0.43068 0.64018 0.46870 0.45183  0.0000000000
0.76498 0.55734 0.41680 0.25739 0.37465 0.54407 0.67974 0.12019 0.50660  0.0000000000
0.74534 0.67999 0.64156 0.41011 0.60725 0.57026 0.68700 0.48227 0.43619  0.0000000000
0.04803 0.24951 0.41605 0.11541 0.70467 0.45013 0.67831 0.64152 0.98049  0.0000000000

GENERATION 8

0.73863 0.47852 0.39134 0.26568 0.68527 0.44554 0.64791 0.49571 0.88179  0.6250000000
0.71425 0.49965 0.39034 0.37274 0.37180 0.43216 0.64187 0.49221 0.83336  0.5500000000
0.74833 0.48213 0.85653 0.44071 0.66722 0.47890 0.67446 0.59267 0.44145  0.5000000000
0.72518 0.61814 0.29444 0.54128 0.63635 0.55971 0.63150 0.52563 0.53217  0.5000000000
0.92560 0.21099 0.28814 0.57291 0.66482 0.01527 0.60095 0.49934 0.57729  0.5000000000
0.69173 0.50623 0.38085 0.52475 0.45376 0.43068 0.64018 0.46870 0.45183  0.4670000000
0.42728 0.62977 0.91160 0.52817 0.58497 0.58626 0.61257 0.51070 0.58622  0.3500000000
0.73863 0.47852 0.39134 0.26568 0.68527 0.44554 0.64791 0.49571 0.88179  0.1000000000
0.37627 0.49842 0.38268 0.36644 0.51302 0.43533 0.64750 0.49091 0.65659  0.1000000000
0.80991 0.98626 0.79613 0.58399 0.61404 0.51469 0.63223 0.51790 0.58521  0.1000000000
0.74379 0.63172 0.36774 0.52374 0.49234 0.46724 0.64099 0.47672 0.52813  0.0000000000
0.69173 0.50623 0.38085 0.52475 0.73401 0.43068 0.64018 0.46870 0.45183  0.0000000000
0.85378 0.51236 0.61074 0.23054 0.67683 0.46622 0.67251 0.49649 0.82807  0.0000000000
0.72598 0.54172 0.33496 0.51490 0.46348 0.43162 0.64301 0.36278 0.43566  0.0000000000
0.72577 0.50190 0.38704 0.48065 0.64635 0.43502 0.66957 0.55456 0.52144  0.0000000000

GENERATION 9

0.73863 0.47852 0.39134 0.26568 0.68527 0.44554 0.64791 0.49571 0.88179  1.0625000000
0.80911 0.48730 0.47668 0.43311 0.56313 0.45027 0.67042 0.53386 0.68787  0.7500000000
0.92505 0.96290 0.64681 0.58028 0.65706 0.40126 0.60847 0.50195 0.58514  0.6000000000
0.71425 0.49965 0.39034 0.37274 0.37180 0.43216 0.64187 0.49221 0.83336  0.5550000000
0.70666 0.50350 0.38507 0.40850 0.41243 0.43133 0.84577 0.48352 0.48958  0.5000000000
0.87182 0.39734 0.35812 0.56561 0.49802 0.38012 0.63348 0.48399 0.52580  0.5000000000
0.72054 0.49727 0.39132 0.34962 0.57958 0.74822 0.64548 0.49276 0.36766  0.4000000000
0.69843 0.50191 0.39028 0.43393 0.37386 0.43114 0.64142 0.48304 0.66390  0.1000000000
0.90545 0.33022 0.63209 0.45218 0.66654 0.29580 0.63592 0.53537 0.53866  0.0500000000
0.72765 0.59479 0.62897 0.48330 0.64529 0.48399 0.78496 0.58452 0.51398  0.0500000000
0.73863 0.47852 0.39134 0.26568 0.68527 0.44554 0.64791 0.49571 0.88179  0.0000000000
0.73530 0.48911 0.59615 0.32827 0.60577 0.44069 0.64654 0.49268 0.87813  0.0000000000
0.68031 0.62906 0.83643 0.53775 0.17919 0.58125 0.62945 0.52104 0.55962  0.0000000000
0.85648 0.35594 0.79492 0.48162 0.86051 0.41454 0.63304 0.58120 0.44546  0.0000000000
0.87767 0.69855 0.38177 0.49963 0.61944 0.30299 0.64173 0.49689 0.77345  0.0000000000

GENERATION 10

0.73863 0.47852 0.39134 0.26568 0.68527 0.44554 0.64791 0.49571 0.88179  0.7062500000
0.81543 0.89047 0.44129 0.51004 0.58597 0.47720 0.39270 0.09840 0.45381  0.7000000000
0.77411 0.42665 0.36509 0.39871 0.64967 0.38390 0.64087 0.48970 0.76173  0.5000000000
0.72895 0.67877 0.51011 0.47418 0.60579 0.43112 0.77656 0.48540 0.51783  0.4000000000
0.91253 0.50981 0.42690 0.41550 0.49864 0.59997 0.60878 0.49972 0.48597  0.4000000000
0.80911 0.48730 0.47668 0.43311 0.56313 0.45027 0.67042 0.53386 0.68787  0.3750000000
0.76701 0.94329 0.51028 0.26940 0.68117 0.44292 0.63727 0.49792 0.87784  0.3000000000
0.73199 0.49445 0.39086 0.28354 0.63041 0.43612 0.64478 0.49352 0.86583  0.3000000000
0.72265 0.48216 0.39049 0.35288 0.65596 0.43862 0.09320 0.49568 0.21296  0.2000000000
0.92232 0.57509 0.64389 0.56682 0.79015 0.39660 0.61739 0.48964 0.58005  0.1000000000
0.80271 0.47915 0.46975 0.81771 0.61434 0.44693 0.66845 0.50781 0.77358  0.0000000000
0.56087 0.47857 0.39121 0.28060 0.67216 0.43304 0.72412 0.49536 0.87129  0.0000000000
0.71311 0.50108 0.38776 0.35966 0.62536 0.61060 0.67896 0.49081 0.44466  0.0000000000
0.87075 0.42818 0.42841 0.48645 0.58705 0.44551 0.64957 0.53107 0.56548  0.0000000000
0.72603 0.69608 0.38528 0.32097 0.54195 0.43731 0.81491 0.59051 0.84859  0.0000000000

GENERATION 11

0.81543 0.89047 0.44129 0.51004 0.58597 0.47720 0.39270 0.09840 0.45381  0.8200000000
0.73863 0.47852 0.39134 0.26568 0.68527 0.44554 0.64791 0.49571 0.88179  0.6706250000
0.73516 0.48001 0.34883 0.31797 0.67613 0.44401 0.30699 0.49568 0.32467  0.5500000000
0.72714 0.48060 0.39089 0.35138 0.68102 0.43896 0.46644 0.49570 0.33338  0.5000000000
0.84049 0.37887 0.39470 0.35715 0.58769 0.48927 0.01183 0.49710 0.70832  0.5000000000
0.83988 0.54435 0.44113 0.50590 0.50094 0.59985 0.39299 0.28877 0.47370  0.4000000000
0.73639 0.54647 0.48758 0.37857 0.60881 0.44094 0.00009 0.48549 0.74600  0.3000000000
0.78712 0.77675 0.43657 0.48259 0.63439 0.46313 0.39568 0.29412 0.78425  0.1000000000
0.76701 0.94329 0.51028 0.26940 0.68117 0.44292 0.63727 0.49792 0.87784  0.0000000000
0.78680 0.75915 0.41976 0.77692 0.63488 0.45769 0.45713 0.27142 0.52813  0.0000000000
0.75475 0.44922 0.12814 0.37758 0.65470 0.39441 0.33413 0.48409 0.48782  0.0000000000
0.75715 0.48020 0.46368 0.31745 0.64024 0.57575 0.66394 0.49812 0.74507  0.0000000000
0.81024 0.62451 0.45363 0.45941 0.58006 0.45736 0.65257 0.38785 0.61652  0.0000000000
0.73863 0.47852 0.35797 0.26568 0.68527 0.44554 0.64791 0.58976 0.88179  0.0000000000
0.73863 0.47852 0.39134 0.26568 0.68527 0.44554 0.64791 0.49571 0.88179  0.0000000000